=== Model Training Summary ===

=== Hyperparameters ===
DATA_FOLDER: RCWall_Data/Run_Full2/FullData
DATA_SIZE: 50000
SEQUENCE_LENGTH: 500
DISPLACEMENT_FEATURES: 1
PARAMETERS_FEATURES: 17
TEST_SIZE: 0.2
VAL_SIZE: 0.2
BATCH_SIZE: 32
LEARNING_RATE: 0.0001
EPOCHS: 30
PATIENCE: 10
Model Type: DecoderOnlyTransformer

=== Training and Validation Metrics ===
| Epoch | Train Loss | Train R2 | Train MAE | Train MSE | Train MAPE | Val Loss | Val R2  | Val MAE  | Val MSE  | Val MAPE |
|-------|------------|----------|-----------|-----------|------------|----------|---------|----------|----------|----------|
|   1   |   0.1880   |  0.7668  |  0.4014   |  0.5662   |  64.0972   |  0.0765  | 0.9217  |  0.2349  |  0.1893  | 43.4622  |
|   2   |   0.0915   |  0.9065  |  0.2626   |  0.2260   |  46.6083   |  0.0599  | 0.9399  |  0.2012  |  0.1433  | 36.2265  |
|   3   |   0.0766   |  0.9231  |  0.2362   |  0.1857   |  43.1898   |  0.0584  | 0.9413  |  0.1980  |  0.1419  | 38.2514  |
|   4   |   0.0690   |  0.9317  |  0.2220   |  0.1650   |  41.3432   |  0.0438  | 0.9568  |  0.1720  |  0.1045  | 35.4200  |
|   5   |   0.0632   |  0.9380  |  0.2108   |  0.1496   |  39.9180   |  0.0392  | 0.9610  |  0.1510  |  0.0949  | 29.1122  |
|   6   |   0.0585   |  0.9433  |  0.2021   |  0.1372   |  38.7690   |  0.0380  | 0.9626  |  0.1562  |  0.0894  | 31.7290  |
|   7   |   0.0538   |  0.9478  |  0.1933   |  0.1249   |  38.0255   |  0.0368  | 0.9636  |  0.1504  |  0.0866  | 28.3520  |
|   8   |   0.0510   |  0.9507  |  0.1871   |  0.1179   |  36.9925   |  0.0308  | 0.9695  |  0.1374  |  0.0738  | 29.0205  |
|   9   |   0.0475   |  0.9548  |  0.1802   |  0.1097   |  36.0572   |  0.0284  | 0.9717  |  0.1338  |  0.0681  | 29.5031  |
|  10   |   0.0458   |  0.9568  |  0.1768   |  0.1046   |  35.7261   |  0.0283  | 0.9717  |  0.1295  |  0.0683  | 27.9431  |
|  11   |   0.0438   |  0.9584  |  0.1724   |  0.1007   |  35.1259   |  0.0254  | 0.9748  |  0.1236  |  0.0604  | 30.2179  |
|  12   |   0.0419   |  0.9596  |  0.1683   |  0.0959   |  34.7605   |  0.0244  | 0.9757  |  0.1209  |  0.0582  | 26.0341  |
|  13   |   0.0406   |  0.9614  |  0.1648   |  0.0928   |  34.0534   |  0.0256  | 0.9746  |  0.1208  |  0.0612  | 26.4200  |
|  14   |   0.0394   |  0.9624  |  0.1628   |  0.0901   |  33.9379   |  0.0222  | 0.9775  |  0.1068  |  0.0540  | 22.9246  |
|  15   |   0.0382   |  0.9638  |  0.1595   |  0.0873   |  33.3906   |  0.0306  | 0.9707  |  0.1300  |  0.0716  | 25.7302  |
|  16   |   0.0379   |  0.9640  |  0.1593   |  0.0864   |  33.3725   |  0.0223  | 0.9778  |  0.1157  |  0.0537  | 28.9506  |
|  17   |   0.0363   |  0.9659  |  0.1552   |  0.0822   |  32.9045   |  0.0220  | 0.9778  |  0.1101  |  0.0534  | 23.2451  |
|  18   |   0.0352   |  0.9669  |  0.1531   |  0.0799   |  32.4977   |  0.0214  | 0.9787  |  0.1096  |  0.0517  | 26.7321  |
|  19   |   0.0347   |  0.9680  |  0.1521   |  0.0780   |  32.3818   |  0.0245  | 0.9762  |  0.1124  |  0.0582  | 22.6713  |
|  20   |   0.0339   |  0.9682  |  0.1504   |  0.0766   |  32.4246   |  0.0209  | 0.9792  |  0.1137  |  0.0493  | 23.8473  |
|  21   |   0.0324   |  0.9697  |  0.1460   |  0.0731   |  31.5656   |  0.0195  | 0.9805  |  0.1065  |  0.0467  | 27.7246  |
|  22   |   0.0320   |  0.9699  |  0.1457   |  0.0718   |  31.5508   |  0.0232  | 0.9774  |  0.1132  |  0.0547  | 23.0752  |
|  23   |   0.0315   |  0.9706  |  0.1447   |  0.0709   |  31.4752   |  0.0174  | 0.9822  |  0.0945  |  0.0428  | 21.3456  |
|  24   |   0.0305   |  0.9714  |  0.1421   |  0.0686   |  31.3308   |  0.0201  | 0.9801  |  0.1097  |  0.0480  | 28.9572  |
|  25   |   0.0305   |  0.9716  |  0.1421   |  0.0683   |  31.2876   |  0.0203  | 0.9801  |  0.1045  |  0.0477  | 23.7085  |
|  26   |   0.0299   |  0.9722  |  0.1406   |  0.0674   |  30.9531   |  0.0178  | 0.9818  |  0.0940  |  0.0433  | 20.7055  |
|  27   |   0.0294   |  0.9725  |  0.1395   |  0.0658   |  31.0956   |  0.0191  | 0.9810  |  0.0983  |  0.0460  | 21.0620  |
|  28   |   0.0273   |  0.9745  |  0.1332   |  0.0611   |  29.6380   |  0.0152  | 0.9844  |  0.0842  |  0.0375  | 19.1846  |
|  29   |   0.0265   |  0.9752  |  0.1313   |  0.0593   |  29.4434   |  0.0165  | 0.9833  |  0.0867  |  0.0409  | 19.3696  |
|  30   |   0.0264   |  0.9756  |  0.1312   |  0.0588   |  29.5491   |  0.0172  | 0.9826  |  0.0888  |  0.0426  | 19.0883  |

Best Epoch: 28

=== Test Metrics ===
Test Loss: 0.0156
Test R2: 0.9849
Test MAE: 0.0869
Test MSE: 0.0357
Test MAPE: 18.9826

=== Best Validation Metrics ===
Best Validation Loss: 0.0152
Best Validation R²: 0.9844
Best Validation MAE: 0.0842
Best Validation MSE: 0.0375
Best Validation MAPE: 19.1846

=== Training Metrics at Best Validation Epoch ===
Training Loss: 0.0273
Training R²: 0.9745
Training MAE: 0.1332
Training MSE: 0.0611
Training MAPE: 29.6380

=== Model Summary ===
Total Parameters: 1,099,777
