=== Model Training Summary ===

=== Hyperparameters ===
DATA_FOLDER: RCWall_Data/Run_Full2/FullData
DATA_SIZE: 50000
SEQUENCE_LENGTH: 500
DISPLACEMENT_FEATURES: 1
PARAMETERS_FEATURES: 17
TEST_SIZE: 0.2
VAL_SIZE: 0.2
BATCH_SIZE: 32
LEARNING_RATE: 0.0001
EPOCHS: 30
PATIENCE: 10
Model Type: DecoderOnlyTransformer

=== Training and Validation Metrics ===
| Epoch | Train Loss | Train R2 | Train MAE | Train MSE | Train MAPE | Val Loss | Val R2  | Val MAE  | Val MSE  | Val MAPE |
|-------|------------|----------|-----------|-----------|------------|----------|---------|----------|----------|----------|
|   1   |   0.1648   |  0.8009  |  0.3685   |  0.4863   |  59.9446   |  0.0660  | 0.9336  |  0.2170  |  0.1631  | 40.3372  |
|   2   |   0.0795   |  0.9205  |  0.2420   |  0.1938   |  43.7380   |  0.0457  | 0.9546  |  0.1708  |  0.1103  | 33.8433  |
|   3   |   0.0678   |  0.9329  |  0.2204   |  0.1625   |  41.2813   |  0.0510  | 0.9503  |  0.1798  |  0.1186  | 31.3891  |
|   4   |   0.0583   |  0.9433  |  0.2027   |  0.1371   |  39.1914   |  0.0347  | 0.9660  |  0.1444  |  0.0836  | 28.5144  |
|   5   |   0.0515   |  0.9506  |  0.1891   |  0.1196   |  37.3941   |  0.0285  | 0.9718  |  0.1297  |  0.0689  | 26.3500  |
|   6   |   0.0488   |  0.9530  |  0.1833   |  0.1126   |  36.3917   |  0.0268  | 0.9738  |  0.1249  |  0.0624  | 24.4916  |
|   7   |   0.0445   |  0.9579  |  0.1741   |  0.1026   |  35.2308   |  0.0282  | 0.9726  |  0.1272  |  0.0674  | 25.5359  |
|   8   |   0.0429   |  0.9592  |  0.1708   |  0.0987   |  34.8220   |  0.0226  | 0.9773  |  0.1114  |  0.0555  | 25.3446  |
|   9   |   0.0401   |  0.9622  |  0.1643   |  0.0916   |  33.7606   |  0.0222  | 0.9778  |  0.1170  |  0.0533  | 30.9418  |
|  10   |   0.0388   |  0.9635  |  0.1619   |  0.0886   |  33.5026   |  0.0255  | 0.9739  |  0.1157  |  0.0631  | 22.7548  |
|  11   |   0.0370   |  0.9652  |  0.1565   |  0.0841   |  32.6409   |  0.0212  | 0.9788  |  0.1092  |  0.0513  | 25.6680  |
|  12   |   0.0358   |  0.9665  |  0.1542   |  0.0811   |  32.3199   |  0.0184  | 0.9813  |  0.1020  |  0.0448  | 21.9026  |
|  13   |   0.0344   |  0.9677  |  0.1509   |  0.0776   |  31.8109   |  0.0210  | 0.9793  |  0.1069  |  0.0496  | 23.3465  |
|  14   |   0.0340   |  0.9683  |  0.1505   |  0.0767   |  31.8626   |  0.0249  | 0.9749  |  0.1383  |  0.0590  | 29.5051  |
|  15   |   0.0319   |  0.9704  |  0.1446   |  0.0718   |  31.0785   |  0.0192  | 0.9806  |  0.1038  |  0.0471  | 23.5476  |
|  16   |   0.0312   |  0.9708  |  0.1436   |  0.0702   |  30.8751   |  0.0199  | 0.9800  |  0.1093  |  0.0482  | 26.4930  |
|  17   |   0.0279   |  0.9742  |  0.1346   |  0.0625   |  29.4768   |  0.0167  | 0.9831  |  0.0888  |  0.0415  | 19.1585  |
|  18   |   0.0274   |  0.9747  |  0.1330   |  0.0615   |  29.1633   |  0.0164  | 0.9832  |  0.0949  |  0.0404  | 21.1460  |
|  19   |   0.0271   |  0.9748  |  0.1326   |  0.0604   |  29.1347   |  0.0171  | 0.9826  |  0.1016  |  0.0419  | 24.6571  |
|  20   |   0.0266   |  0.9755  |  0.1313   |  0.0596   |  28.9713   |  0.0159  | 0.9841  |  0.0858  |  0.0388  | 18.1250  |
|  21   |   0.0263   |  0.9756  |  0.1305   |  0.0589   |  28.8723   |  0.0149  | 0.9848  |  0.0841  |  0.0370  | 18.8819  |
|  22   |   0.0259   |  0.9759  |  0.1294   |  0.0578   |  28.7066   |  0.0166  | 0.9833  |  0.0979  |  0.0401  | 20.9862  |
|  23   |   0.0250   |  0.9768  |  0.1275   |  0.0554   |  28.4681   |  0.0159  | 0.9837  |  0.0943  |  0.0388  | 19.9046  |
|  24   |   0.0251   |  0.9765  |  0.1273   |  0.0557   |  28.3896   |  0.0162  | 0.9838  |  0.0845  |  0.0399  | 18.1874  |
|  25   |   0.0248   |  0.9772  |  0.1264   |  0.0552   |  28.2398   |  0.0145  | 0.9854  |  0.0794  |  0.0357  | 17.2089  |
|  26   |   0.0242   |  0.9774  |  0.1256   |  0.0537   |  28.2307   |  0.0145  | 0.9852  |  0.0817  |  0.0361  | 18.9254  |
|  27   |   0.0241   |  0.9778  |  0.1249   |  0.0534   |  28.0361   |  0.0170  | 0.9828  |  0.0988  |  0.0415  | 21.7219  |
|  28   |   0.0237   |  0.9782  |  0.1243   |  0.0523   |  28.0307   |  0.0146  | 0.9850  |  0.0863  |  0.0361  | 19.5302  |
|  29   |   0.0235   |  0.9784  |  0.1231   |  0.0523   |  27.8213   |  0.0168  | 0.9836  |  0.0884  |  0.0401  | 18.1198  |
|  30   |   0.0236   |  0.9786  |  0.1237   |  0.0520   |  27.9094   |  0.0146  | 0.9855  |  0.0819  |  0.0351  | 17.6808  |

Best Epoch: 26

=== Test Metrics ===
Test Loss: 0.0130
Test R2: 0.9875
Test MAE: 0.0799
Test MSE: 0.0293
Test MAPE: 17.5124

=== Best Validation Metrics ===
Best Validation Loss: 0.0145
Best Validation R²: 0.9852
Best Validation MAE: 0.0817
Best Validation MSE: 0.0361
Best Validation MAPE: 18.9254

=== Training Metrics at Best Validation Epoch ===
Training Loss: 0.0242
Training R²: 0.9774
Training MAE: 0.1256
Training MSE: 0.0537
Training MAPE: 28.2307

=== Model Summary ===
Total Parameters: 3,206,657
