=== Model Training Summary ===

=== Hyperparameters ===
DATA_FOLDER: RCWall_Data/Run_Full2/FullData
DATA_SIZE: 50000
SEQUENCE_LENGTH: 500
DISPLACEMENT_FEATURES: 1
PARAMETERS_FEATURES: 17
TEST_SIZE: 0.2
VAL_SIZE: 0.2
BATCH_SIZE: 32
LEARNING_RATE: 0.0001
EPOCHS: 30
PATIENCE: 10
Model Type: DecoderOnlyTransformer

=== Training and Validation Metrics ===
| Epoch | Train Loss | Train R2 | Train MAE | Train MSE | Train MAPE | Val Loss | Val R2  | Val MAE  | Val MSE  | Val MAPE |
|-------|------------|----------|-----------|-----------|------------|----------|---------|----------|----------|----------|
|   1   |   0.2524   |  0.6725  |  0.4929   |  0.8115   |  76.2902   |  0.0936  | 0.9011  |  0.2641  |  0.2438  | 46.6284  |
|   2   |   0.1152   |  0.8781  |  0.3075   |  0.2949   |  54.1751   |  0.0707  | 0.9285  |  0.2258  |  0.1721  | 40.0640  |
|   3   |   0.0964   |  0.9011  |  0.2755   |  0.2391   |  49.4510   |  0.0544  | 0.9454  |  0.1969  |  0.1319  | 36.5191  |
|   4   |   0.0851   |  0.9138  |  0.2549   |  0.2080   |  46.3509   |  0.0562  | 0.9441  |  0.2032  |  0.1323  | 36.1589  |
|   5   |   0.0787   |  0.9208  |  0.2429   |  0.1902   |  44.6188   |  0.0444  | 0.9561  |  0.1671  |  0.1064  | 31.9814  |
|   6   |   0.0724   |  0.9275  |  0.2313   |  0.1742   |  43.3022   |  0.0401  | 0.9599  |  0.1573  |  0.0971  | 30.5381  |
|   7   |   0.0682   |  0.9325  |  0.2233   |  0.1630   |  42.2254   |  0.0394  | 0.9604  |  0.1545  |  0.0954  | 30.2874  |
|   8   |   0.0655   |  0.9366  |  0.2186   |  0.1551   |  41.6072   |  0.0362  | 0.9642  |  0.1456  |  0.0875  | 28.7233  |
|   9   |   0.0620   |  0.9398  |  0.2116   |  0.1462   |  40.5280   |  0.0324  | 0.9676  |  0.1413  |  0.0781  | 29.0146  |
|  10   |   0.0593   |  0.9423  |  0.2066   |  0.1388   |  40.1105   |  0.0316  | 0.9687  |  0.1345  |  0.0765  | 27.3366  |
|  11   |   0.0558   |  0.9458  |  0.2002   |  0.1297   |  39.2665   |  0.0317  | 0.9682  |  0.1385  |  0.0763  | 28.6735  |
|  12   |   0.0540   |  0.9480  |  0.1964   |  0.1253   |  38.7627   |  0.0344  | 0.9658  |  0.1594  |  0.0819  | 34.9353  |
|  13   |   0.0527   |  0.9491  |  0.1938   |  0.1224   |  38.4463   |  0.0291  | 0.9709  |  0.1347  |  0.0707  | 30.7209  |
|  14   |   0.0502   |  0.9522  |  0.1887   |  0.1152   |  37.7281   |  0.0290  | 0.9710  |  0.1375  |  0.0687  | 26.2766  |
|  15   |   0.0490   |  0.9516  |  0.1858   |  0.1127   |  37.3688   |  0.0324  | 0.9677  |  0.1640  |  0.0753  | 30.7505  |
|  16   |   0.0483   |  0.9541  |  0.1847   |  0.1110   |  37.1500   |  0.0253  | 0.9746  |  0.1196  |  0.0605  | 24.2730  |
|  17   |   0.0464   |  0.9556  |  0.1806   |  0.1067   |  36.6328   |  0.0255  | 0.9747  |  0.1216  |  0.0613  | 25.1341  |
|  18   |   0.0454   |  0.9573  |  0.1789   |  0.1039   |  36.3746   |  0.0231  | 0.9765  |  0.1151  |  0.0562  | 23.5983  |
|  19   |   0.0440   |  0.9587  |  0.1755   |  0.1001   |  35.8272   |  0.0221  | 0.9778  |  0.1122  |  0.0537  | 24.0030  |
|  20   |   0.0431   |  0.9589  |  0.1736   |  0.0979   |  35.8059   |  0.0235  | 0.9763  |  0.1214  |  0.0571  | 30.3632  |
|  21   |   0.0417   |  0.9597  |  0.1706   |  0.0952   |  35.4216   |  0.0209  | 0.9788  |  0.1050  |  0.0516  | 22.2405  |
|  22   |   0.0409   |  0.9615  |  0.1689   |  0.0931   |  35.0694   |  0.0203  | 0.9794  |  0.1042  |  0.0505  | 24.1229  |
|  23   |   0.0403   |  0.9626  |  0.1673   |  0.0914   |  34.7943   |  0.0230  | 0.9771  |  0.1119  |  0.0565  | 23.6848  |
|  24   |   0.0394   |  0.9631  |  0.1655   |  0.0897   |  34.6108   |  0.0201  | 0.9797  |  0.1058  |  0.0492  | 22.8232  |
|  25   |   0.0384   |  0.9637  |  0.1635   |  0.0871   |  34.4449   |  0.0203  | 0.9795  |  0.1013  |  0.0506  | 22.6578  |
|  26   |   0.0382   |  0.9640  |  0.1626   |  0.0866   |  34.2223   |  0.0273  | 0.9725  |  0.1441  |  0.0640  | 26.6402  |
|  27   |   0.0375   |  0.9648  |  0.1613   |  0.0849   |  34.1407   |  0.0211  | 0.9785  |  0.1052  |  0.0520  | 23.1200  |
|  28   |   0.0367   |  0.9635  |  0.1595   |  0.0831   |  33.9553   |  0.0214  | 0.9787  |  0.1034  |  0.0524  | 21.5714  |
|  29   |   0.0348   |  0.9673  |  0.1543   |  0.0786   |  32.9448   |  0.0199  | 0.9800  |  0.0983  |  0.0495  | 20.7865  |
|  30   |   0.0341   |  0.9680  |  0.1528   |  0.0768   |  32.7856   |  0.0196  | 0.9803  |  0.1002  |  0.0485  | 22.6847  |

Best Epoch: 30

=== Test Metrics ===
Test Loss: 0.0177
Test R2: 0.9831
Test MAE: 0.0982
Test MSE: 0.0399
Test MAPE: 22.6234

=== Best Validation Metrics ===
Best Validation Loss: 0.0196
Best Validation R²: 0.9803
Best Validation MAE: 0.1002
Best Validation MSE: 0.0485
Best Validation MAPE: 22.6847

=== Training Metrics at Best Validation Epoch ===
Training Loss: 0.0341
Training R²: 0.9680
Training MAE: 0.1528
Training MSE: 0.0768
Training MAPE: 32.7856

=== Model Summary ===
Total Parameters: 804,737
