=== Model Training Summary ===

=== Hyperparameters ===
DATA_FOLDER: RCWall_Data/Run_Full2/FullData
DATA_SIZE: 50000
SEQUENCE_LENGTH: 500
DISPLACEMENT_FEATURES: 1
PARAMETERS_FEATURES: 17
TEST_SIZE: 0.2
VAL_SIZE: 0.2
BATCH_SIZE: 32
LEARNING_RATE: 0.0001
EPOCHS: 30
PATIENCE: 10
Model Type: DecoderOnlyTransformer

=== Training and Validation Metrics ===
| Epoch | Train Loss | Train R2 | Train MAE | Train MSE | Train MAPE | Val Loss | Val R2  | Val MAE  | Val MSE  | Val MAPE |
|-------|------------|----------|-----------|-----------|------------|----------|---------|----------|----------|----------|
|   1   |   0.3429   |  0.5110  |  0.5984   |  1.2022   |  84.3725   |  0.1264  | 0.8523  |  0.3056  |  0.3759  | 49.8253  |
|   2   |   0.1564   |  0.8232  |  0.3663   |  0.4369   |  59.8987   |  0.0857  | 0.9095  |  0.2455  |  0.2255  | 41.5855  |
|   3   |   0.1288   |  0.8597  |  0.3257   |  0.3432   |  55.3648   |  0.0742  | 0.9234  |  0.2266  |  0.1893  | 40.2568  |
|   4   |   0.1172   |  0.8771  |  0.3071   |  0.3067   |  52.5610   |  0.0627  | 0.9368  |  0.2071  |  0.1548  | 37.0535  |
|   5   |   0.1060   |  0.8890  |  0.2889   |  0.2718   |  50.4174   |  0.0612  | 0.9382  |  0.2027  |  0.1506  | 35.8897  |
|   6   |   0.0987   |  0.8962  |  0.2763   |  0.2508   |  48.7767   |  0.0517  | 0.9478  |  0.1801  |  0.1294  | 33.6876  |
|   7   |   0.0940   |  0.9027  |  0.2682   |  0.2366   |  47.5463   |  0.0510  | 0.9480  |  0.1792  |  0.1296  | 35.3183  |
|   8   |   0.0887   |  0.9100  |  0.2596   |  0.2220   |  46.4068   |  0.0431  | 0.9569  |  0.1636  |  0.1067  | 31.9702  |
|   9   |   0.0852   |  0.9138  |  0.2534   |  0.2120   |  45.6831   |  0.0417  | 0.9584  |  0.1699  |  0.1011  | 36.6147  |
|  10   |   0.0804   |  0.9186  |  0.2462   |  0.1968   |  45.1233   |  0.0602  | 0.9399  |  0.2120  |  0.1412  | 35.6701  |
|  11   |   0.0779   |  0.9218  |  0.2418   |  0.1906   |  44.5493   |  0.0392  | 0.9609  |  0.1551  |  0.0950  | 30.5153  |
|  12   |   0.0742   |  0.9257  |  0.2355   |  0.1804   |  43.9298   |  0.0372  | 0.9631  |  0.1589  |  0.0902  | 32.0400  |
|  13   |   0.0712   |  0.9290  |  0.2299   |  0.1721   |  43.3147   |  0.0357  | 0.9639  |  0.1534  |  0.0877  | 30.3560  |
|  14   |   0.0693   |  0.9311  |  0.2267   |  0.1673   |  43.0007   |  0.0320  | 0.9681  |  0.1379  |  0.0786  | 29.2489  |
|  15   |   0.0668   |  0.9324  |  0.2226   |  0.1604   |  42.6824   |  0.0336  | 0.9665  |  0.1394  |  0.0826  | 27.7516  |
|  16   |   0.0649   |  0.9364  |  0.2193   |  0.1547   |  42.2977   |  0.0297  | 0.9701  |  0.1330  |  0.0729  | 28.0479  |
|  17   |   0.0633   |  0.9377  |  0.2164   |  0.1504   |  42.0212   |  0.0286  | 0.9713  |  0.1312  |  0.0696  | 27.5340  |
|  18   |   0.0614   |  0.9394  |  0.2123   |  0.1454   |  41.5837   |  0.0423  | 0.9583  |  0.1594  |  0.1015  | 28.4448  |
|  19   |   0.0602   |  0.9413  |  0.2103   |  0.1428   |  41.3613   |  0.0364  | 0.9643  |  0.1451  |  0.0886  | 28.0165  |
|  20   |   0.0586   |  0.9424  |  0.2072   |  0.1384   |  40.9554   |  0.0287  | 0.9715  |  0.1316  |  0.0702  | 28.0968  |
|  21   |   0.0570   |  0.9444  |  0.2047   |  0.1344   |  40.8528   |  0.0261  | 0.9736  |  0.1250  |  0.0640  | 26.7708  |
|  22   |   0.0559   |  0.9454  |  0.2024   |  0.1308   |  40.5708   |  0.0345  | 0.9656  |  0.1415  |  0.0847  | 28.4848  |
|  23   |   0.0550   |  0.9469  |  0.2006   |  0.1287   |  40.2351   |  0.0249  | 0.9749  |  0.1192  |  0.0611  | 25.5434  |
|  24   |   0.0546   |  0.9470  |  0.1996   |  0.1285   |  40.2179   |  0.0283  | 0.9714  |  0.1281  |  0.0693  | 25.7026  |
|  25   |   0.0523   |  0.9494  |  0.1957   |  0.1216   |  39.9027   |  0.0358  | 0.9652  |  0.1386  |  0.0869  | 25.8902  |
|  26   |   0.0525   |  0.9501  |  0.1954   |  0.1224   |  39.5714   |  0.0259  | 0.9741  |  0.1280  |  0.0622  | 27.1276  |
|  27   |   0.0503   |  0.9516  |  0.1912   |  0.1169   |  39.2516   |  0.0309  | 0.9699  |  0.1381  |  0.0732  | 26.0274  |
|  28   |   0.0481   |  0.9540  |  0.1865   |  0.1115   |  38.6268   |  0.0226  | 0.9770  |  0.1110  |  0.0560  | 23.5013  |
|  29   |   0.0476   |  0.9545  |  0.1853   |  0.1099   |  38.4635   |  0.0244  | 0.9757  |  0.1139  |  0.0598  | 23.4000  |
|  30   |   0.0472   |  0.9550  |  0.1844   |  0.1094   |  38.3566   |  0.0258  | 0.9742  |  0.1200  |  0.0627  | 24.0324  |

Best Epoch: 28

=== Test Metrics ===
Test Loss: 0.0239
Test R2: 0.9769
Test MAE: 0.1176
Test MSE: 0.0540
Test MAPE: 23.8852

=== Best Validation Metrics ===
Best Validation Loss: 0.0226
Best Validation R²: 0.9770
Best Validation MAE: 0.1110
Best Validation MSE: 0.0560
Best Validation MAPE: 23.5013

=== Training Metrics at Best Validation Epoch ===
Training Loss: 0.0481
Training R²: 0.9540
Training MAE: 0.1865
Training MSE: 0.1115
Training MAPE: 38.6268

=== Model Summary ===
Total Parameters: 500,993
