=== Model Training Summary ===

=== Hyperparameters ===
DATA_FOLDER: RCWall_Data/Run_Full2/FullData
DATA_SIZE: 50000
SEQUENCE_LENGTH: 500
DISPLACEMENT_FEATURES: 1
PARAMETERS_FEATURES: 17
TEST_SIZE: 0.2
VAL_SIZE: 0.2
BATCH_SIZE: 32
LEARNING_RATE: 0.0001
EPOCHS: 30
PATIENCE: 10
Model Type: DecoderOnlyTransformer

=== Training and Validation Metrics ===
| Epoch | Train Loss | Train R2 | Train MAE | Train MSE | Train MAPE | Val Loss | Val R2  | Val MAE  | Val MSE  | Val MAPE |
|-------|------------|----------|-----------|-----------|------------|----------|---------|----------|----------|----------|
|   1   |   0.2713   |  0.6391  |  0.5158   |  0.8789   |  78.0429   |  0.1068  | 0.8855  |  0.2859  |  0.2808  | 49.3964  |
|   2   |   0.1306   |  0.8596  |  0.3297   |  0.3405   |  56.0388   |  0.0819  | 0.9166  |  0.2431  |  0.2042  | 44.2000  |
|   3   |   0.1099   |  0.8852  |  0.2960   |  0.2789   |  51.6076   |  0.0735  | 0.9252  |  0.2390  |  0.1777  | 43.6560  |
|   4   |   0.0986   |  0.8994  |  0.2773   |  0.2446   |  49.1675   |  0.0588  | 0.9414  |  0.2035  |  0.1414  | 38.5895  |
|   5   |   0.0891   |  0.9086  |  0.2608   |  0.2186   |  47.1296   |  0.0527  | 0.9475  |  0.1860  |  0.1260  | 35.9777  |
|   6   |   0.0839   |  0.9154  |  0.2515   |  0.2048   |  45.7676   |  0.0500  | 0.9504  |  0.1805  |  0.1193  | 35.0577  |
|   7   |   0.0779   |  0.9221  |  0.2406   |  0.1885   |  44.5818   |  0.0467  | 0.9535  |  0.1734  |  0.1109  | 33.7142  |
|   8   |   0.0736   |  0.9236  |  0.2330   |  0.1762   |  43.8096   |  0.0414  | 0.9589  |  0.1614  |  0.0992  | 32.9391  |
|   9   |   0.0705   |  0.9300  |  0.2271   |  0.1682   |  42.9368   |  0.0447  | 0.9564  |  0.1688  |  0.1058  | 32.7426  |
|  10   |   0.0668   |  0.9343  |  0.2206   |  0.1583   |  42.1883   |  0.0374  | 0.9630  |  0.1522  |  0.0891  | 29.3463  |
|  11   |   0.0638   |  0.9372  |  0.2144   |  0.1510   |  41.4679   |  0.0366  | 0.9640  |  0.1493  |  0.0875  | 30.1647  |
|  12   |   0.0612   |  0.9402  |  0.2097   |  0.1443   |  40.8152   |  0.0341  | 0.9664  |  0.1420  |  0.0816  | 29.1899  |
|  13   |   0.0594   |  0.9422  |  0.2065   |  0.1393   |  40.4452   |  0.0327  | 0.9676  |  0.1382  |  0.0784  | 27.9160  |
|  14   |   0.0568   |  0.9445  |  0.2017   |  0.1324   |  39.9728   |  0.0343  | 0.9658  |  0.1471  |  0.0819  | 29.2888  |
|  15   |   0.0552   |  0.9475  |  0.1987   |  0.1284   |  39.6149   |  0.0282  | 0.9721  |  0.1273  |  0.0672  | 26.4662  |
|  16   |   0.0535   |  0.9471  |  0.1951   |  0.1245   |  39.2228   |  0.0286  | 0.9720  |  0.1299  |  0.0676  | 26.9054  |
|  17   |   0.0516   |  0.9455  |  0.1915   |  0.1194   |  38.8427   |  0.0306  | 0.9699  |  0.1324  |  0.0733  | 26.9115  |
|  18   |   0.0507   |  0.9514  |  0.1899   |  0.1171   |  38.7411   |  0.0269  | 0.9734  |  0.1246  |  0.0636  | 26.2347  |
|  19   |   0.0494   |  0.9530  |  0.1871   |  0.1139   |  38.2570   |  0.0253  | 0.9749  |  0.1195  |  0.0609  | 26.1211  |
|  20   |   0.0479   |  0.9545  |  0.1841   |  0.1104   |  37.9299   |  0.0267  | 0.9737  |  0.1216  |  0.0640  | 25.5266  |
|  21   |   0.0469   |  0.9554  |  0.1821   |  0.1076   |  37.8548   |  0.0248  | 0.9752  |  0.1158  |  0.0599  | 24.4096  |
|  22   |   0.0456   |  0.9564  |  0.1792   |  0.1045   |  37.4941   |  0.0246  | 0.9757  |  0.1179  |  0.0588  | 25.6133  |
|  23   |   0.0445   |  0.9579  |  0.1766   |  0.1015   |  37.0628   |  0.0234  | 0.9768  |  0.1128  |  0.0561  | 24.7700  |
|  24   |   0.0435   |  0.9581  |  0.1751   |  0.0997   |  37.0223   |  0.0268  | 0.9736  |  0.1248  |  0.0638  | 30.4026  |
|  25   |   0.0431   |  0.9579  |  0.1739   |  0.0986   |  36.8274   |  0.0237  | 0.9765  |  0.1126  |  0.0573  | 23.9258  |
|  26   |   0.0420   |  0.9600  |  0.1719   |  0.0960   |  36.6117   |  0.0260  | 0.9746  |  0.1210  |  0.0621  | 25.6158  |
|  27   |   0.0413   |  0.9612  |  0.1707   |  0.0940   |  36.4419   |  0.0221  | 0.9777  |  0.1093  |  0.0539  | 23.6986  |
|  28   |   0.0405   |  0.9604  |  0.1684   |  0.0924   |  36.1149   |  0.0223  | 0.9777  |  0.1119  |  0.0537  | 26.2314  |
|  29   |   0.0399   |  0.9623  |  0.1673   |  0.0911   |  35.9599   |  0.0237  | 0.9764  |  0.1142  |  0.0572  | 25.9360  |
|  30   |   0.0388   |  0.9632  |  0.1650   |  0.0882   |  35.8460   |  0.0231  | 0.9770  |  0.1144  |  0.0558  | 26.7288  |

Best Epoch: 27

=== Test Metrics ===
Test Loss: 0.0213
Test R2: 0.9793
Test MAE: 0.1119
Test MSE: 0.0484
Test MAPE: 26.5109

=== Best Validation Metrics ===
Best Validation Loss: 0.0221
Best Validation R²: 0.9777
Best Validation MAE: 0.1093
Best Validation MSE: 0.0539
Best Validation MAPE: 23.6986

=== Training Metrics at Best Validation Epoch ===
Training Loss: 0.0413
Training R²: 0.9612
Training MAE: 0.1707
Training MSE: 0.0940
Training MAPE: 36.4419

=== Model Summary ===
Total Parameters: 408,577
