=== Model Training Summary ===

=== Hyperparameters ===
DATA_FOLDER: RCWall_Data/Run_Full2/FullData
DATA_SIZE: 50000
SEQUENCE_LENGTH: 500
DISPLACEMENT_FEATURES: 1
PARAMETERS_FEATURES: 17
TEST_SIZE: 0.2
VAL_SIZE: 0.2
BATCH_SIZE: 32
LEARNING_RATE: 0.0001
EPOCHS: 30
PATIENCE: 10
Model Type: DecoderOnlyTransformer

=== Training and Validation Metrics ===
| Epoch | Train Loss | Train R2 | Train MAE | Train MSE | Train MAPE | Val Loss | Val R2  | Val MAE  | Val MSE  | Val MAPE |
|-------|------------|----------|-----------|-----------|------------|----------|---------|----------|----------|----------|
|   1   |   0.3498   |  0.5011  |  0.6093   |  1.2203   |  88.2148   |  0.1346  | 0.8462  |  0.3223  |  0.3879  | 53.1968  |
|   2   |   0.1567   |  0.8231  |  0.3679   |  0.4329   |  60.4885   |  0.0888  | 0.9070  |  0.2581  |  0.2294  | 44.1912  |
|   3   |   0.1311   |  0.8576  |  0.3301   |  0.3466   |  55.6708   |  0.0722  | 0.9263  |  0.2250  |  0.1831  | 40.5771  |
|   4   |   0.1170   |  0.8766  |  0.3075   |  0.3022   |  52.5183   |  0.0640  | 0.9350  |  0.2106  |  0.1596  | 38.2331  |
|   5   |   0.1077   |  0.8802  |  0.2928   |  0.2735   |  50.6585   |  0.0579  | 0.9419  |  0.1982  |  0.1442  | 37.9602  |
|   6   |   0.1017   |  0.8944  |  0.2820   |  0.2566   |  49.0641   |  0.0559  | 0.9441  |  0.1990  |  0.1377  | 36.8891  |
|   7   |   0.0958   |  0.9007  |  0.2720   |  0.2404   |  47.8644   |  0.0513  | 0.9484  |  0.1872  |  0.1244  | 34.3803  |
|   8   |   0.0906   |  0.9074  |  0.2633   |  0.2246   |  46.8268   |  0.0451  | 0.9552  |  0.1712  |  0.1089  | 32.5309  |
|   9   |   0.0876   |  0.9110  |  0.2585   |  0.2156   |  46.1972   |  0.0438  | 0.9561  |  0.1640  |  0.1079  | 31.4740  |
|  10   |   0.0831   |  0.9162  |  0.2499   |  0.2034   |  45.1859   |  0.0417  | 0.9584  |  0.1654  |  0.1012  | 34.1412  |
|  11   |   0.0793   |  0.9203  |  0.2438   |  0.1925   |  44.6694   |  0.0412  | 0.9584  |  0.1612  |  0.0994  | 31.4172  |
|  12   |   0.0769   |  0.9225  |  0.2393   |  0.1869   |  44.0968   |  0.0394  | 0.9611  |  0.1621  |  0.0942  | 32.2358  |
|  13   |   0.0741   |  0.9257  |  0.2344   |  0.1799   |  43.6718   |  0.0373  | 0.9627  |  0.1517  |  0.0895  | 29.7867  |
|  14   |   0.0713   |  0.9294  |  0.2293   |  0.1716   |  42.9490   |  0.0331  | 0.9669  |  0.1413  |  0.0804  | 28.5408  |
|  15   |   0.0691   |  0.9317  |  0.2260   |  0.1649   |  42.7327   |  0.0343  | 0.9662  |  0.1432  |  0.0831  | 28.6814  |
|  16   |   0.0668   |  0.9344  |  0.2220   |  0.1593   |  42.2728   |  0.0347  | 0.9656  |  0.1438  |  0.0837  | 28.2117  |
|  17   |   0.0659   |  0.9359  |  0.2199   |  0.1566   |  41.9720   |  0.0327  | 0.9675  |  0.1453  |  0.0787  | 30.0095  |
|  18   |   0.0629   |  0.9382  |  0.2152   |  0.1485   |  41.7206   |  0.0344  | 0.9658  |  0.1557  |  0.0810  | 33.8443  |
|  19   |   0.0618   |  0.9396  |  0.2126   |  0.1466   |  41.3171   |  0.0300  | 0.9701  |  0.1339  |  0.0716  | 26.9443  |
|  20   |   0.0605   |  0.9403  |  0.2098   |  0.1436   |  41.0547   |  0.0290  | 0.9710  |  0.1314  |  0.0698  | 27.3800  |
|  21   |   0.0588   |  0.9430  |  0.2068   |  0.1383   |  40.6331   |  0.0281  | 0.9722  |  0.1290  |  0.0675  | 26.7881  |
|  22   |   0.0575   |  0.9442  |  0.2046   |  0.1356   |  40.5380   |  0.0282  | 0.9719  |  0.1282  |  0.0684  | 26.6313  |
|  23   |   0.0564   |  0.9452  |  0.2022   |  0.1329   |  40.2126   |  0.0369  | 0.9639  |  0.1461  |  0.0886  | 26.8822  |
|  24   |   0.0550   |  0.9469  |  0.1996   |  0.1283   |  39.9740   |  0.0266  | 0.9736  |  0.1237  |  0.0639  | 25.6124  |
|  25   |   0.0542   |  0.9479  |  0.1980   |  0.1265   |  39.7281   |  0.0252  | 0.9748  |  0.1209  |  0.0607  | 25.3825  |
|  26   |   0.0528   |  0.9478  |  0.1956   |  0.1226   |  39.6813   |  0.0328  | 0.9680  |  0.1349  |  0.0792  | 25.7401  |
|  27   |   0.0517   |  0.9505  |  0.1934   |  0.1202   |  39.3799   |  0.0271  | 0.9728  |  0.1247  |  0.0652  | 25.3802  |
|  28   |   0.0507   |  0.9515  |  0.1916   |  0.1173   |  39.0963   |  0.0264  | 0.9737  |  0.1279  |  0.0632  | 28.3299  |
|  29   |   0.0503   |  0.9518  |  0.1903   |  0.1165   |  38.8764   |  0.0256  | 0.9744  |  0.1197  |  0.0621  | 24.7357  |
|  30   |   0.0479   |  0.9542  |  0.1855   |  0.1104   |  38.3469   |  0.0254  | 0.9747  |  0.1189  |  0.0613  | 24.4088  |

Best Epoch: 25

=== Test Metrics ===
Test Loss: 0.0235
Test R2: 0.9774
Test MAE: 0.1165
Test MSE: 0.0528
Test MAPE: 24.2343

=== Best Validation Metrics ===
Best Validation Loss: 0.0252
Best Validation R²: 0.9748
Best Validation MAE: 0.1209
Best Validation MSE: 0.0607
Best Validation MAPE: 25.3825

=== Training Metrics at Best Validation Epoch ===
Training Loss: 0.0542
Training R²: 0.9479
Training MAE: 0.1980
Training MSE: 0.1265
Training MAPE: 39.7281

=== Model Summary ===
Total Parameters: 335,169
