=== Model Training Summary ===

=== Hyperparameters ===
DATA_FOLDER: RCWall_Data/Run_Full2/FullData
DATA_SIZE: 50000
SEQUENCE_LENGTH: 500
DISPLACEMENT_FEATURES: 1
PARAMETERS_FEATURES: 17
TEST_SIZE: 0.2
VAL_SIZE: 0.2
BATCH_SIZE: 32
LEARNING_RATE: 0.0001
EPOCHS: 30
PATIENCE: 10
Model Type: DecoderOnlyTransformer

=== Training and Validation Metrics ===
| Epoch | Train Loss | Train R2 | Train MAE | Train MSE | Train MAPE | Val Loss | Val R2  | Val MAE  | Val MSE  | Val MAPE |
|-------|------------|----------|-----------|-----------|------------|----------|---------|----------|----------|----------|
|   1   |   0.2516   |  0.6660  |  0.4863   |  0.8168   |  73.9555   |  0.1176  | 0.8753  |  0.3070  |  0.3042  | 51.3844  |
|   2   |   0.1149   |  0.8780  |  0.3040   |  0.2968   |  52.2614   |  0.0638  | 0.9357  |  0.2076  |  0.1576  | 37.1964  |
|   3   |   0.0953   |  0.9021  |  0.2706   |  0.2386   |  47.6772   |  0.1087  | 0.8906  |  0.3033  |  0.2537  | 42.3564  |
|   4   |   0.0846   |  0.9146  |  0.2523   |  0.2080   |  45.2310   |  0.0453  | 0.9546  |  0.1690  |  0.1104  | 32.4074  |
|   5   |   0.0773   |  0.9231  |  0.2393   |  0.1874   |  43.6626   |  0.0487  | 0.9513  |  0.1782  |  0.1160  | 32.3499  |
|   6   |   0.0714   |  0.9290  |  0.2288   |  0.1712   |  42.4127   |  0.0369  | 0.9635  |  0.1544  |  0.0877  | 29.6600  |
|   7   |   0.0679   |  0.9337  |  0.2224   |  0.1616   |  41.4671   |  0.0366  | 0.9634  |  0.1493  |  0.0887  | 28.5195  |
|   8   |   0.0632   |  0.9382  |  0.2131   |  0.1497   |  40.2807   |  0.0309  | 0.9688  |  0.1388  |  0.0751  | 31.4463  |
|   9   |   0.0599   |  0.9416  |  0.2073   |  0.1405   |  39.6495   |  0.0313  | 0.9692  |  0.1434  |  0.0740  | 30.3794  |
|  10   |   0.0573   |  0.9444  |  0.2014   |  0.1344   |  38.7294   |  0.0273  | 0.9731  |  0.1269  |  0.0652  | 26.2883  |
|  11   |   0.0554   |  0.9464  |  0.1982   |  0.1293   |  38.4375   |  0.0304  | 0.9697  |  0.1387  |  0.0731  | 27.1126  |
|  12   |   0.0537   |  0.9484  |  0.1944   |  0.1249   |  37.9198   |  0.0258  | 0.9742  |  0.1211  |  0.0627  | 24.8767  |
|  13   |   0.0505   |  0.9519  |  0.1876   |  0.1172   |  37.0022   |  0.0243  | 0.9758  |  0.1193  |  0.0579  | 25.2255  |
|  14   |   0.0492   |  0.9532  |  0.1854   |  0.1141   |  36.8178   |  0.0255  | 0.9747  |  0.1204  |  0.0603  | 23.8121  |
|  15   |   0.0472   |  0.9548  |  0.1817   |  0.1083   |  36.4380   |  0.0223  | 0.9774  |  0.1139  |  0.0545  | 25.4748  |
|  16   |   0.0466   |  0.9554  |  0.1796   |  0.1077   |  36.0902   |  0.0217  | 0.9782  |  0.1096  |  0.0528  | 23.2347  |
|  17   |   0.0450   |  0.9575  |  0.1763   |  0.1032   |  35.6747   |  0.0331  | 0.9680  |  0.1477  |  0.0754  | 26.6979  |
|  18   |   0.0435   |  0.9575  |  0.1736   |  0.0992   |  35.4527   |  0.0208  | 0.9790  |  0.1028  |  0.0515  | 21.7821  |
|  19   |   0.0424   |  0.9600  |  0.1715   |  0.0966   |  35.1967   |  0.0221  | 0.9779  |  0.1113  |  0.0530  | 23.8724  |
|  20   |   0.0415   |  0.9606  |  0.1696   |  0.0943   |  35.0174   |  0.0260  | 0.9742  |  0.1275  |  0.0606  | 24.2604  |
|  21   |   0.0403   |  0.9621  |  0.1667   |  0.0914   |  34.5792   |  0.0224  | 0.9772  |  0.1070  |  0.0553  | 22.1448  |
|  22   |   0.0393   |  0.9628  |  0.1643   |  0.0892   |  34.2464   |  0.0196  | 0.9800  |  0.1005  |  0.0484  | 21.7225  |
|  23   |   0.0389   |  0.9639  |  0.1634   |  0.0881   |  34.1058   |  0.0188  | 0.9811  |  0.0979  |  0.0463  | 21.3203  |
|  24   |   0.0387   |  0.9639  |  0.1629   |  0.0877   |  34.0548   |  0.0182  | 0.9817  |  0.0990  |  0.0445  | 24.3089  |
|  25   |   0.0364   |  0.9651  |  0.1580   |  0.0823   |  33.5633   |  0.0186  | 0.9813  |  0.1001  |  0.0455  | 22.3690  |
|  26   |   0.0362   |  0.9662  |  0.1580   |  0.0816   |  33.6725   |  0.0192  | 0.9803  |  0.1015  |  0.0479  | 22.5310  |
|  27   |   0.0361   |  0.9664  |  0.1570   |  0.0820   |  33.5001   |  0.0169  | 0.9829  |  0.0928  |  0.0412  | 21.0058  |
|  28   |   0.0356   |  0.9669  |  0.1558   |  0.0803   |  33.2242   |  0.0175  | 0.9822  |  0.0955  |  0.0428  | 20.8673  |
|  29   |   0.0348   |  0.9673  |  0.1544   |  0.0788   |  33.1994   |  0.0195  | 0.9802  |  0.1112  |  0.0477  | 25.7303  |
|  30   |   0.0332   |  0.9687  |  0.1510   |  0.0749   |  32.6722   |  0.0180  | 0.9818  |  0.0953  |  0.0445  | 21.8511  |

Best Epoch: 27

=== Test Metrics ===
Test Loss: 0.0163
Test R2: 0.9843
Test MAE: 0.0931
Test MSE: 0.0365
Test MAPE: 21.6699

=== Best Validation Metrics ===
Best Validation Loss: 0.0169
Best Validation R²: 0.9829
Best Validation MAE: 0.0928
Best Validation MSE: 0.0412
Best Validation MAPE: 21.0058

=== Training Metrics at Best Validation Epoch ===
Training Loss: 0.0361
Training R²: 0.9664
Training MAE: 0.1570
Training MSE: 0.0820
Training MAPE: 33.5001

=== Model Summary ===
Total Parameters: 1,200,897
