=== Model Training Summary ===

=== Hyperparameters ===
DATA_FOLDER: RCWall_Data/Run_Full2/FullData
DATA_SIZE: 50000
SEQUENCE_LENGTH: 500
DISPLACEMENT_FEATURES: 1
PARAMETERS_FEATURES: 17
TEST_SIZE: 0.2
VAL_SIZE: 0.2
BATCH_SIZE: 32
LEARNING_RATE: 0.0001
EPOCHS: 30
PATIENCE: 10
Model Type: DecoderOnlyTransformer

=== Training and Validation Metrics ===
| Epoch | Train Loss | Train R2 | Train MAE | Train MSE | Train MAPE | Val Loss | Val R2  | Val MAE  | Val MSE  | Val MAPE |
|-------|------------|----------|-----------|-----------|------------|----------|---------|----------|----------|----------|
|   1   |   0.1223   |  0.8576  |  0.3067   |  0.3375   |  52.6517   |  0.0477  | 0.9527  |  0.1770  |  0.1139  | 33.9196  |
|   2   |   0.0601   |  0.9414  |  0.2066   |  0.1414   |  39.7336   |  0.0373  | 0.9622  |  0.1462  |  0.0886  | 28.2793  |
|   3   |   0.0499   |  0.9519  |  0.1863   |  0.1158   |  37.0990   |  0.0465  | 0.9541  |  0.1765  |  0.1085  | 32.7580  |
|   4   |   0.0439   |  0.9584  |  0.1728   |  0.1006   |  35.2302   |  0.0306  | 0.9696  |  0.1318  |  0.0734  | 26.6634  |
|   5   |   0.0390   |  0.9631  |  0.1615   |  0.0888   |  33.6388   |  0.0290  | 0.9713  |  0.1297  |  0.0688  | 27.5698  |
|   6   |   0.0374   |  0.9642  |  0.1576   |  0.0854   |  32.7077   |  0.0267  | 0.9730  |  0.1284  |  0.0646  | 26.3356  |
|   7   |   0.0348   |  0.9673  |  0.1518   |  0.0782   |  32.0291   |  0.0235  | 0.9767  |  0.1173  |  0.0558  | 25.2863  |
|   8   |   0.0329   |  0.9694  |  0.1475   |  0.0741   |  31.4561   |  0.0207  | 0.9794  |  0.1100  |  0.0488  | 24.1542  |
|   9   |   0.0308   |  0.9716  |  0.1420   |  0.0691   |  30.3803   |  0.0191  | 0.9804  |  0.0994  |  0.0468  | 20.5407  |
|  10   |   0.0300   |  0.9720  |  0.1400   |  0.0676   |  30.4976   |  0.0193  | 0.9808  |  0.0997  |  0.0467  | 21.7200  |
|  11   |   0.0295   |  0.9727  |  0.1384   |  0.0660   |  29.8014   |  0.0204  | 0.9790  |  0.0974  |  0.0508  | 20.8244  |
|  12   |   0.0277   |  0.9743  |  0.1333   |  0.0626   |  29.1155   |  0.0237  | 0.9766  |  0.1214  |  0.0555  | 25.3055  |
|  13   |   0.0273   |  0.9747  |  0.1330   |  0.0611   |  29.4018   |  0.0208  | 0.9788  |  0.1049  |  0.0491  | 21.5583  |
|  14   |   0.0228   |  0.9792  |  0.1189   |  0.0509   |  26.4069   |  0.0157  | 0.9842  |  0.0841  |  0.0385  | 17.1304  |
|  15   |   0.0220   |  0.9799  |  0.1173   |  0.0487   |  26.0840   |  0.0174  | 0.9823  |  0.1123  |  0.0412  | 23.0605  |
|  16   |   0.0217   |  0.9797  |  0.1168   |  0.0479   |  26.3128   |  0.0168  | 0.9836  |  0.0841  |  0.0406  | 17.3088  |
|  17   |   0.0211   |  0.9807  |  0.1144   |  0.0466   |  25.7464   |  0.0166  | 0.9830  |  0.0938  |  0.0398  | 21.5022  |
|  18   |   0.0213   |  0.9806  |  0.1149   |  0.0469   |  25.8283   |  0.0145  | 0.9852  |  0.0824  |  0.0352  | 19.6716  |
|  19   |   0.0210   |  0.9808  |  0.1144   |  0.0464   |  25.8647   |  0.0152  | 0.9845  |  0.0858  |  0.0370  | 22.4152  |
|  20   |   0.0207   |  0.9811  |  0.1137   |  0.0457   |  25.7275   |  0.0144  | 0.9851  |  0.0862  |  0.0354  | 18.7577  |
|  21   |   0.0194   |  0.9823  |  0.1102   |  0.0423   |  25.2592   |  0.0160  | 0.9836  |  0.1073  |  0.0379  | 23.1654  |
|  22   |   0.0198   |  0.9816  |  0.1116   |  0.0434   |  25.4523   |  0.0165  | 0.9836  |  0.0867  |  0.0399  | 18.5339  |
|  23   |   0.0190   |  0.9826  |  0.1092   |  0.0417   |  25.0133   |  0.0137  | 0.9860  |  0.0816  |  0.0332  | 19.9834  |
|  24   |   0.0191   |  0.9826  |  0.1087   |  0.0420   |  24.9405   |  0.0138  | 0.9859  |  0.0845  |  0.0334  | 17.2632  |
|  25   |   0.0189   |  0.9828  |  0.1084   |  0.0413   |  24.9410   |  0.0131  | 0.9865  |  0.0808  |  0.0320  | 17.8675  |
|  26   |   0.0182   |  0.9834  |  0.1070   |  0.0396   |  24.7766   |  0.0193  | 0.9812  |  0.1050  |  0.0443  | 18.7204  |
|  27   |   0.0186   |  0.9832  |  0.1072   |  0.0404   |  24.6002   |  0.0129  | 0.9867  |  0.0778  |  0.0314  | 16.3834  |
|  28   |   0.0184   |  0.9830  |  0.1070   |  0.0400   |  24.7206   |  0.0141  | 0.9854  |  0.0890  |  0.0339  | 22.1074  |
|  29   |   0.0177   |  0.9840  |  0.1051   |  0.0387   |  24.3559   |  0.0147  | 0.9853  |  0.0838  |  0.0355  | 18.6524  |
|  30   |   0.0176   |  0.9840  |  0.1049   |  0.0383   |  24.3632   |  0.0119  | 0.9878  |  0.0710  |  0.0290  | 16.1228  |

Best Epoch: 30

=== Test Metrics ===
Test Loss: 0.0102
Test R2: 0.9903
Test MAE: 0.0687
Test MSE: 0.0229
Test MAPE: 16.0300

=== Best Validation Metrics ===
Best Validation Loss: 0.0119
Best Validation R²: 0.9878
Best Validation MAE: 0.0710
Best Validation MSE: 0.0290
Best Validation MAPE: 16.1228

=== Training Metrics at Best Validation Epoch ===
Training Loss: 0.0176
Training R²: 0.9840
Training MAE: 0.1049
Training MSE: 0.0383
Training MAPE: 24.3632

=== Model Summary ===
Total Parameters: 12,796,417
