=== Model Training Summary ===

=== Hyperparameters ===
DATA_FOLDER: RCWall_Data/Run_Full2/FullData
DATA_SIZE: 50000
SEQUENCE_LENGTH: 500
DISPLACEMENT_FEATURES: 1
PARAMETERS_FEATURES: 17
TEST_SIZE: 0.2
VAL_SIZE: 0.2
BATCH_SIZE: 32
LEARNING_RATE: 0.0001
EPOCHS: 30
PATIENCE: 10
Model Type: DecoderOnlyTransformer

=== Training and Validation Metrics ===
| Epoch | Train Loss | Train R2 | Train MAE | Train MSE | Train MAPE | Val Loss | Val R2  | Val MAE  | Val MSE  | Val MAPE |
|-------|------------|----------|-----------|-----------|------------|----------|---------|----------|----------|----------|
|   1   |   0.1757   |  0.7820  |  0.3846   |  0.5299   |  62.5319   |  0.0688  | 0.9303  |  0.2167  |  0.1663  | 37.5786  |
|   2   |   0.0829   |  0.9162  |  0.2496   |  0.2014   |  45.2920   |  0.0476  | 0.9525  |  0.1766  |  0.1131  | 33.0351  |
|   3   |   0.0699   |  0.9306  |  0.2257   |  0.1669   |  42.2209   |  0.0364  | 0.9640  |  0.1501  |  0.0867  | 30.7396  |
|   4   |   0.0608   |  0.9405  |  0.2091   |  0.1431   |  40.3543   |  0.0429  | 0.9580  |  0.1671  |  0.0994  | 29.1450  |
|   5   |   0.0545   |  0.9470  |  0.1963   |  0.1265   |  38.5389   |  0.0311  | 0.9687  |  0.1375  |  0.0743  | 28.4808  |
|   6   |   0.0504   |  0.9518  |  0.1879   |  0.1163   |  37.3955   |  0.0345  | 0.9658  |  0.1371  |  0.0841  | 27.2985  |
|   7   |   0.0470   |  0.9550  |  0.1803   |  0.1084   |  36.2395   |  0.0280  | 0.9721  |  0.1371  |  0.0658  | 27.8961  |
|   8   |   0.0449   |  0.9573  |  0.1761   |  0.1035   |  35.5352   |  0.0244  | 0.9758  |  0.1159  |  0.0591  | 24.4937  |
|   9   |   0.0430   |  0.9592  |  0.1708   |  0.0986   |  34.6202   |  0.0247  | 0.9755  |  0.1258  |  0.0582  | 25.0238  |
|  10   |   0.0414   |  0.9607  |  0.1680   |  0.0946   |  34.3717   |  0.0239  | 0.9765  |  0.1164  |  0.0566  | 24.2949  |
|  11   |   0.0392   |  0.9631  |  0.1630   |  0.0895   |  33.6183   |  0.0204  | 0.9794  |  0.1091  |  0.0491  | 25.0535  |
|  12   |   0.0375   |  0.9649  |  0.1595   |  0.0844   |  33.1595   |  0.0219  | 0.9782  |  0.1119  |  0.0523  | 24.2947  |
|  13   |   0.0370   |  0.9655  |  0.1582   |  0.0833   |  33.1501   |  0.0231  | 0.9765  |  0.1189  |  0.0565  | 24.6609  |
|  14   |   0.0352   |  0.9668  |  0.1542   |  0.0794   |  32.5307   |  0.0221  | 0.9782  |  0.1067  |  0.0534  | 23.1357  |
|  15   |   0.0345   |  0.9676  |  0.1518   |  0.0779   |  32.1832   |  0.0213  | 0.9785  |  0.1059  |  0.0524  | 25.0569  |
|  16   |   0.0315   |  0.9707  |  0.1442   |  0.0710   |  30.8388   |  0.0167  | 0.9829  |  0.0913  |  0.0411  | 19.9087  |
|  17   |   0.0304   |  0.9716  |  0.1412   |  0.0684   |  30.3552   |  0.0192  | 0.9804  |  0.1070  |  0.0461  | 21.5328  |
|  18   |   0.0304   |  0.9714  |  0.1415   |  0.0682   |  30.4829   |  0.0190  | 0.9812  |  0.0948  |  0.0466  | 19.8231  |
|  19   |   0.0294   |  0.9727  |  0.1395   |  0.0657   |  30.1678   |  0.0174  | 0.9825  |  0.0927  |  0.0424  | 20.1440  |
|  20   |   0.0290   |  0.9729  |  0.1383   |  0.0649   |  30.0720   |  0.0180  | 0.9821  |  0.0973  |  0.0436  | 21.0780  |
|  21   |   0.0278   |  0.9741  |  0.1346   |  0.0618   |  29.4009   |  0.0154  | 0.9842  |  0.0858  |  0.0385  | 19.4047  |
|  22   |   0.0272   |  0.9747  |  0.1335   |  0.0607   |  29.2127   |  0.0152  | 0.9844  |  0.0842  |  0.0380  | 18.6801  |
|  23   |   0.0271   |  0.9751  |  0.1332   |  0.0601   |  29.1638   |  0.0153  | 0.9843  |  0.0879  |  0.0373  | 19.2278  |
|  24   |   0.0272   |  0.9749  |  0.1327   |  0.0606   |  28.9974   |  0.0150  | 0.9847  |  0.0825  |  0.0371  | 18.3595  |
|  25   |   0.0265   |  0.9755  |  0.1315   |  0.0586   |  28.9419   |  0.0143  | 0.9853  |  0.0817  |  0.0355  | 18.2839  |
|  26   |   0.0268   |  0.9751  |  0.1321   |  0.0596   |  28.9363   |  0.0150  | 0.9845  |  0.0850  |  0.0372  | 18.5051  |
|  27   |   0.0261   |  0.9760  |  0.1304   |  0.0579   |  28.7612   |  0.0152  | 0.9844  |  0.0866  |  0.0378  | 19.7672  |
|  28   |   0.0260   |  0.9760  |  0.1304   |  0.0578   |  28.7027   |  0.0148  | 0.9848  |  0.0872  |  0.0363  | 19.2490  |
|  29   |   0.0258   |  0.9761  |  0.1301   |  0.0571   |  28.6559   |  0.0143  | 0.9854  |  0.0806  |  0.0351  | 18.0176  |
|  30   |   0.0258   |  0.9763  |  0.1299   |  0.0571   |  28.7121   |  0.0152  | 0.9844  |  0.0890  |  0.0367  | 19.0402  |

Best Epoch: 29

=== Test Metrics ===
Test Loss: 0.0135
Test R2: 0.9868
Test MAE: 0.0871
Test MSE: 0.0303
Test MAPE: 18.9229

=== Best Validation Metrics ===
Best Validation Loss: 0.0143
Best Validation R²: 0.9854
Best Validation MAE: 0.0806
Best Validation MSE: 0.0351
Best Validation MAPE: 18.0176

=== Training Metrics at Best Validation Epoch ===
Training Loss: 0.0258
Training R²: 0.9761
Training MAE: 0.1301
Training MSE: 0.0571
Training MAPE: 28.6559

=== Model Summary ===
Total Parameters: 2,153,217
