=== Model Training Summary ===

=== Hyperparameters ===
DATA_FOLDER: RCWall_Data/Run_Full2/FullData
DATA_SIZE: 50000
SEQUENCE_LENGTH: 500
DISPLACEMENT_FEATURES: 1
PARAMETERS_FEATURES: 17
TEST_SIZE: 0.2
VAL_SIZE: 0.2
BATCH_SIZE: 32
LEARNING_RATE: 0.0001
EPOCHS: 30
PATIENCE: 10
Model Type: DecoderOnlyTransformer

=== Training and Validation Metrics ===
| Epoch | Train Loss | Train R2 | Train MAE | Train MSE | Train MAPE | Val Loss | Val R2  | Val MAE  | Val MSE  | Val MAPE |
|-------|------------|----------|-----------|-----------|------------|----------|---------|----------|----------|----------|
|   1   |   0.4150   |  0.3897  |  0.6956   |  1.4796   |  101.1695  |  0.2200  | 0.7183  |  0.4391  |  0.6952  | 68.7773  |
|   2   |   0.2065   |  0.7494  |  0.4360   |  0.6104   |  69.3399   |  0.1204  | 0.8642  |  0.3017  |  0.3355  | 51.0171  |
|   3   |   0.1591   |  0.8200  |  0.3730   |  0.4376   |  62.3969   |  0.0999  | 0.8938  |  0.2740  |  0.2618  | 47.7784  |
|   4   |   0.1379   |  0.8496  |  0.3412   |  0.3672   |  57.9081   |  0.0801  | 0.9168  |  0.2386  |  0.2047  | 41.8864  |
|   5   |   0.1251   |  0.8647  |  0.3203   |  0.3288   |  54.8450   |  0.0717  | 0.9267  |  0.2231  |  0.1803  | 40.0601  |
|   6   |   0.1157   |  0.8771  |  0.3057   |  0.2983   |  52.9478   |  0.0645  | 0.9348  |  0.2111  |  0.1597  | 38.9849  |
|   7   |   0.1089   |  0.8847  |  0.2948   |  0.2776   |  51.5302   |  0.0613  | 0.9383  |  0.2038  |  0.1511  | 38.7852  |
|   8   |   0.1069   |  0.8913  |  0.2894   |  0.2756   |  50.4824   |  0.0592  | 0.9409  |  0.2010  |  0.1455  | 39.7988  |
|   9   |   0.0989   |  0.8980  |  0.2780   |  0.2480   |  49.4520   |  0.0541  | 0.9458  |  0.1882  |  0.1322  | 35.4868  |
|  10   |   0.0936   |  0.9036  |  0.2693   |  0.2334   |  48.5907   |  0.0503  | 0.9500  |  0.1804  |  0.1222  | 34.6603  |
|  11   |   0.0905   |  0.9075  |  0.2644   |  0.2240   |  48.0778   |  0.0523  | 0.9480  |  0.1855  |  0.1252  | 34.2844  |
|  12   |   0.0875   |  0.9108  |  0.2589   |  0.2161   |  47.4517   |  0.0486  | 0.9519  |  0.1742  |  0.1180  | 33.0192  |
|  13   |   0.0850   |  0.9136  |  0.2541   |  0.2099   |  46.8869   |  0.0471  | 0.9533  |  0.1760  |  0.1133  | 35.3909  |
|  14   |   0.0819   |  0.9169  |  0.2492   |  0.2002   |  46.5105   |  0.0434  | 0.9568  |  0.1660  |  0.1045  | 33.5937  |
|  15   |   0.0799   |  0.9192  |  0.2460   |  0.1943   |  46.1738   |  0.0463  | 0.9541  |  0.1715  |  0.1119  | 33.9302  |
|  16   |   0.0785   |  0.9213  |  0.2434   |  0.1903   |  45.7727   |  0.0433  | 0.9572  |  0.1643  |  0.1043  | 32.5627  |
|  17   |   0.0760   |  0.9240  |  0.2392   |  0.1843   |  45.5611   |  0.0411  | 0.9591  |  0.1607  |  0.0983  | 31.5198  |
|  18   |   0.0742   |  0.9253  |  0.2361   |  0.1796   |  45.1367   |  0.0398  | 0.9606  |  0.1579  |  0.0957  | 32.6211  |
|  19   |   0.0726   |  0.9278  |  0.2333   |  0.1751   |  44.8914   |  0.0369  | 0.9631  |  0.1495  |  0.0889  | 29.8194  |
|  20   |   0.0706   |  0.9295  |  0.2300   |  0.1694   |  44.6156   |  0.0423  | 0.9586  |  0.1636  |  0.1005  | 31.4869  |
|  21   |   0.0690   |  0.9313  |  0.2274   |  0.1655   |  44.4105   |  0.0361  | 0.9642  |  0.1465  |  0.0870  | 29.0716  |
|  22   |   0.0677   |  0.9329  |  0.2252   |  0.1614   |  44.2652   |  0.0360  | 0.9644  |  0.1568  |  0.0856  | 36.0348  |
|  23   |   0.0662   |  0.9343  |  0.2225   |  0.1573   |  43.9056   |  0.0336  | 0.9666  |  0.1418  |  0.0810  | 28.8610  |
|  24   |   0.0651   |  0.9361  |  0.2206   |  0.1543   |  43.8253   |  0.0339  | 0.9663  |  0.1433  |  0.0813  | 28.9043  |
|  25   |   0.0640   |  0.9366  |  0.2186   |  0.1519   |  43.5687   |  0.0319  | 0.9684  |  0.1373  |  0.0762  | 28.0622  |
|  26   |   0.0627   |  0.9381  |  0.2161   |  0.1487   |  43.4097   |  0.0332  | 0.9670  |  0.1429  |  0.0800  | 30.5374  |
|  27   |   0.0613   |  0.9402  |  0.2137   |  0.1448   |  43.1437   |  0.0309  | 0.9692  |  0.1347  |  0.0742  | 27.7207  |
|  28   |   0.0611   |  0.9403  |  0.2133   |  0.1445   |  43.1645   |  0.0364  | 0.9644  |  0.1434  |  0.0876  | 27.5002  |
|  29   |   0.0597   |  0.9416  |  0.2108   |  0.1406   |  42.8945   |  0.0344  | 0.9665  |  0.1412  |  0.0821  | 27.7742  |
|  30   |   0.0586   |  0.9430  |  0.2086   |  0.1376   |  42.5220   |  0.0323  | 0.9681  |  0.1401  |  0.0780  | 28.5704  |

Best Epoch: 27

=== Test Metrics ===
Test Loss: 0.0304
Test R2: 0.9704
Test MAE: 0.1377
Test MSE: 0.0695
Test MAPE: 28.5386

=== Best Validation Metrics ===
Best Validation Loss: 0.0309
Best Validation R²: 0.9692
Best Validation MAE: 0.1347
Best Validation MSE: 0.0742
Best Validation MAPE: 27.7207

=== Training Metrics at Best Validation Epoch ===
Training Loss: 0.0613
Training R²: 0.9402
Training MAE: 0.2137
Training MSE: 0.1448
Training MAPE: 43.1437

=== Model Summary ===
Total Parameters: 169,345
