=== Model Training Summary ===

=== Hyperparameters ===
DATA_FOLDER: RCWall_Data/Run_Full2/FullData
DATA_SIZE: 35000
SEQUENCE_LENGTH: 500
DISPLACEMENT_FEATURES: 1
PARAMETERS_FEATURES: 17
TEST_SIZE: 0.2857142857142857
VAL_SIZE: 0.2
BATCH_SIZE: 32
LEARNING_RATE: 0.001
EPOCHS: 30
PATIENCE: 10
Model Type: LSTM_AE_Model_3

=== Training and Validation Metrics ===
| Epoch | Train Loss | Train R2 | Train MAE | Train MSE | Train MAPE | Val Loss | Val R2  | Val MAE  | Val MSE  | Val MAPE |
|-------|------------|----------|-----------|-----------|------------|----------|---------|----------|----------|----------|
|   1   |   0.0808   |  0.8686  |  0.2477   |  0.1983   |  53.4741   |  0.0256  | 0.9618  |  0.1444  |  0.0553  | 43.6602  |
|   2   |   0.0339   |  0.9514  |  0.1595   |  0.0737   |  39.9274   |  0.0189  | 0.9729  |  0.1114  |  0.0414  | 30.6249  |
|   3   |   0.0264   |  0.9627  |  0.1386   |  0.0567   |  35.4236   |  0.0139  | 0.9799  |  0.0893  |  0.0305  | 23.5827  |
|   4   |   0.0215   |  0.9696  |  0.1246   |  0.0460   |  32.6777   |  0.0176  | 0.9742  |  0.1342  |  0.0374  | 49.0873  |
|   5   |   0.0198   |  0.9722  |  0.1208   |  0.0421   |  32.6297   |  0.0122  | 0.9823  |  0.0899  |  0.0263  | 33.1987  |
|   6   |   0.0184   |  0.9744  |  0.1159   |  0.0389   |  31.4516   |  0.0113  | 0.9839  |  0.0815  |  0.0245  | 23.2478  |
|   7   |   0.0173   |  0.9760  |  0.1113   |  0.0368   |  30.4757   |  0.0129  | 0.9815  |  0.0946  |  0.0276  | 25.9558  |
|   8   |   0.0154   |  0.9784  |  0.1047   |  0.0327   |  29.0958   |  0.0093  | 0.9865  |  0.0755  |  0.0200  | 21.7601  |
|   9   |   0.0148   |  0.9794  |  0.1021   |  0.0313   |  28.4412   |  0.0100  | 0.9853  |  0.0824  |  0.0213  | 25.0904  |
|  10   |   0.0143   |  0.9801  |  0.1010   |  0.0303   |  28.3745   |  0.0083  | 0.9878  |  0.0793  |  0.0179  | 27.0710  |
|  11   |   0.0139   |  0.9807  |  0.0993   |  0.0294   |  27.8319   |  0.0085  | 0.9882  |  0.0677  |  0.0182  | 21.8773  |
|  12   |   0.0131   |  0.9816  |  0.0965   |  0.0276   |  27.2493   |  0.0070  | 0.9898  |  0.0597  |  0.0155  | 18.7051  |
|  13   |   0.0126   |  0.9826  |  0.0948   |  0.0267   |  27.1511   |  0.0105  | 0.9852  |  0.0719  |  0.0227  | 20.1570  |
|  14   |   0.0122   |  0.9829  |  0.0935   |  0.0259   |  26.7540   |  0.0107  | 0.9846  |  0.0952  |  0.0225  | 35.7884  |
|  15   |   0.0114   |  0.9841  |  0.0900   |  0.0239   |  25.8231   |  0.0063  | 0.9910  |  0.0565  |  0.0136  | 19.2820  |
|  16   |   0.0108   |  0.9848  |  0.0868   |  0.0227   |  24.9115   |  0.0063  | 0.9908  |  0.0577  |  0.0138  | 19.0986  |
|  17   |   0.0107   |  0.9851  |  0.0866   |  0.0223   |  24.9764   |  0.0065  | 0.9903  |  0.0603  |  0.0142  | 19.7221  |
|  18   |   0.0098   |  0.9865  |  0.0817   |  0.0205   |  23.4951   |  0.0062  | 0.9908  |  0.0572  |  0.0139  | 16.2850  |
|  19   |   0.0094   |  0.9870  |  0.0806   |  0.0196   |  23.3664   |  0.0052  | 0.9924  |  0.0507  |  0.0113  | 14.9792  |
|  20   |   0.0092   |  0.9873  |  0.0796   |  0.0193   |  23.2974   |  0.0065  | 0.9905  |  0.0576  |  0.0141  | 17.0104  |
|  21   |   0.0093   |  0.9871  |  0.0799   |  0.0194   |  22.9964   |  0.0064  | 0.9909  |  0.0595  |  0.0138  | 18.2256  |
|  22   |   0.0083   |  0.9884  |  0.0757   |  0.0173   |  22.0878   |  0.0053  | 0.9924  |  0.0476  |  0.0116  | 14.2485  |
|  23   |   0.0085   |  0.9882  |  0.0767   |  0.0175   |  22.3237   |  0.0054  | 0.9922  |  0.0528  |  0.0119  | 17.6075  |
|  24   |   0.0079   |  0.9890  |  0.0738   |  0.0165   |  21.7614   |  0.0059  | 0.9913  |  0.0585  |  0.0129  | 22.8463  |
|  25   |   0.0076   |  0.9895  |  0.0722   |  0.0158   |  21.0513   |  0.0047  | 0.9931  |  0.0459  |  0.0105  | 14.8384  |
|  26   |   0.0077   |  0.9894  |  0.0719   |  0.0160   |  21.1406   |  0.0056  | 0.9920  |  0.0508  |  0.0124  | 14.6341  |
|  27   |   0.0076   |  0.9896  |  0.0718   |  0.0157   |  21.1113   |  0.0049  | 0.9930  |  0.0466  |  0.0108  | 16.1830  |
|  28   |   0.0071   |  0.9902  |  0.0702   |  0.0147   |  20.6759   |  0.0050  | 0.9929  |  0.0443  |  0.0111  | 13.4509  |
|  29   |   0.0068   |  0.9907  |  0.0679   |  0.0139   |  19.9950   |  0.0062  | 0.9916  |  0.0468  |  0.0136  | 12.9704  |
|  30   |   0.0066   |  0.9908  |  0.0669   |  0.0135   |  19.7694   |  0.0058  | 0.9919  |  0.0453  |  0.0130  | 12.5217  |

Best Epoch: 25

=== Test Metrics ===
Test Loss: 0.0060
Test R2: 0.9918
Test MAE: 0.0468
Test MSE: 0.0128
Test MAPE: 12.3335

=== Best Validation Metrics ===
Best Validation Loss: 0.0047
Best Validation R²: 0.9931
Best Validation MAE: 0.0459
Best Validation MSE: 0.0105
Best Validation MAPE: 14.8384

=== Training Metrics at Best Validation Epoch ===
Training Loss: 0.0076
Training R²: 0.9895
Training MAE: 0.0722
Training MSE: 0.0158
Training MAPE: 21.0513

=== Model Summary ===
Total Parameters: 5,638,641
